45
8 4 0 1 3 8 4 0 1 3 8 4 0 1 3 8 4 0 1 3 8 4 0 1 3 8 4 0 1 3 8 4 0 1 3 8 4 0 1 3 8 4 0 1 3 
8 4 0 1 3 8 4 0 1 3 8 4 0 1 3 8 4 0 1 3 8 4 0 1 3 8 4 0 1 3 8 4 0 1 3 8 4 0 1 3 8 4 0 1 3 
8 4 0 1 3 8 4 0 1 3 8 4 0 1 3 8 4 0 1 3 8 4 0 1 3 8 4 0 1 3 8 4 0 1 3 8 4 0 1 3 8 4 0 1 3 
8 4 0 1 3 8 4 0 1 3 8 4 0 1 3 8 4 0 1 3 8 4 0 1 3 8 4 0 1 3 8 4 0 1 3 8 4 0 1 3 8 4 0 1 3 
8 4 0 1 3 8 4 0 1 3 8 4 0 1 3 8 4 0 1 3 8 4 0 1 3 8 4 0 1 3 8 4 0 1 3 8 4 0 1 3 8 4 0 1 3 
8 4 0 1 3 8 4 0 1 3 8 4 0 1 3 8 4 0 1 3 8 4 0 1 3 8 4 0 1 3 8 4 0 1 3 8 4 0 1 3 8 4 0 1 3 
8 4 0 1 3 8 4 0 1 3 8 4 0 1 3 8 4 0 1 3 8 4 0 1 3 8 4 0 1 3 8 4 0 1 3 8 4 0 1 3 8 4 0 1 3 
8 4 0 1 3 8 4 0 1 3 8 4 0 1 3 8 4 0 1 3 8 4 0 1 3 8 4 0 1 3 8 4 0 1 3 8 4 0 1 3 8 4 0 1 3 
8 4 0 1 3 8 4 0 1 3 8 4 0 1 3 8 4 0 1 3 8 4 0 1 3 8 4 0 1 3 8 4 0 1 3 8 4 0 1 3 8 4 0 1 3 
8 4 0 1 3 8 4 0 1 3 8 4 0 1 3 8 4 0 1 3 8 4 0 1 3 8 4 0 1 3 8 4 0 1 3 8 4 0 1 3 8 4 0 1 3 
8 4 0 1 3 8 4 0 1 3 8 4 0 1 3 8 4 0 1 3 8 4 0 1 3 8 4 0 1 3 8 4 0 1 3 8 4 0 1 3 8 4 0 1 3 
8 4 0 1 3 8 4 0 1 3 8 4 0 1 3 8 4 0 1 3 8 4 0 1 3 8 4 0 1 3 8 4 0 1 3 8 4 0 1 3 8 4 0 1 3 
8 4 0 1 3 8 4 0 1 3 8 4 0 1 3 8 4 0 1 3 8 4 0 1 3 8 4 0 1 3 8 4 0 1 3 8 4 0 1 3 8 4 0 1 3 
8 4 0 1 3 8 4 0 1 3 8 4 0 1 3 8 4 0 1 3 8 4 0 1 3 8 4 0 1 3 8 4 0 1 3 8 4 0 1 3 8 4 0 1 3 
8 4 0 1 3 8 4 0 1 3 8 4 0 1 3 8 4 0 1 3 8 4 0 1 3 8 4 0 1 3 8 4 0 1 3 8 4 0 1 3 8 4 0 1 3 
8 4 0 1 3 8 4 0 1 3 8 4 0 1 3 8 4 0 1 3 8 4 0 1 3 8 4 0 1 3 8 4 0 1 3 8 4 0 1 3 8 4 0 1 3 
8 4 0 1 3 8 4 0 1 3 8 4 0 1 3 8 4 0 1 3 8 4 0 1 3 8 4 0 1 3 8 4 0 1 3 8 4 0 1 3 8 4 0 1 3 
8 4 0 1 3 8 4 0 1 3 8 4 0 1 3 8 4 0 1 3 8 4 0 1 3 8 4 0 1 3 8 4 0 1 3 8 4 0 1 3 8 4 0 1 3 
8 4 0 1 3 8 4 0 1 3 8 4 0 1 3 8 4 0 1 3 8 4 0 1 3 8 4 0 1 3 8 4 0 1 3 8 4 0 1 3 8 4 0 1 3 
8 4 0 1 3 8 4 0 1 3 8 4 0 1 3 8 4 0 1 3 8 4 0 1 3 8 4 0 1 3 8 4 0 1 3 8 4 0 1 3 8 4 0 1 3 
8 4 0 1 3 8 4 0 1 3 8 4 0 1 3 8 4 0 1 3 8 4 0 1 3 8 4 0 1 3 8 4 0 1 3 8 4 0 1 3 8 4 0 1 3 
8 4 0 1 3 8 4 0 1 3 8 4 0 1 3 8 4 0 1 3 8 4 0 1 3 8 4 0 1 3 8 4 0 1 3 8 4 0 1 3 8 4 0 1 3 
8 4 0 1 3 8 4 0 1 3 8 4 0 1 3 8 4 0 1 3 8 4 0 1 3 8 4 0 1 3 8 4 0 1 3 8 4 0 1 3 8 4 0 1 3 
8 4 0 1 3 8 4 0 1 3 8 4 0 1 3 8 4 0 1 3 8 4 0 1 3 8 4 0 1 3 8 4 0 1 3 8 4 0 1 3 8 4 0 1 3 
8 4 0 1 3 8 4 0 1 3 8 4 0 1 3 8 4 0 1 3 8 4 0 1 3 8 4 0 1 3 8 4 0 1 3 8 4 0 1 3 8 4 0 1 3 
8 4 0 1 3 8 4 0 1 3 8 4 0 1 3 8 4 0 1 3 8 4 0 1 3 8 4 0 1 3 8 4 0 1 3 8 4 0 1 3 8 4 0 1 3 
8 4 0 1 3 8 4 0 1 3 8 4 0 1 3 8 4 0 1 3 8 4 0 1 3 8 4 0 1 3 8 4 0 1 3 8 4 0 1 3 8 4 0 1 3 
8 4 0 1 3 8 4 0 1 3 8 4 0 1 3 8 4 0 1 3 8 4 0 1 3 8 4 0 1 3 8 4 0 1 3 8 4 0 1 3 8 4 0 1 3 
8 4 0 1 3 8 4 0 1 3 8 4 0 1 3 8 4 0 1 3 8 4 0 1 3 8 4 0 1 3 8 4 0 1 3 8 4 0 1 3 8 4 0 1 3 
8 4 0 1 3 8 4 0 1 3 8 4 0 1 3 8 4 0 1 3 8 4 0 1 3 8 4 0 1 3 8 4 0 1 3 8 4 0 1 3 8 4 0 1 3 
8 4 0 1 3 8 4 0 1 3 8 4 0 1 3 8 4 0 1 3 8 4 0 1 3 8 4 0 1 3 8 4 0 1 3 8 4 0 1 3 8 4 0 1 3 
8 4 0 1 3 8 4 0 1 3 8 4 0 1 3 8 4 0 1 3 8 4 0 1 3 8 4 0 1 3 8 4 0 1 3 8 4 0 1 3 8 4 0 1 3 
8 4 0 1 3 8 4 0 1 3 8 4 0 1 3 8 4 0 1 3 8 4 0 1 3 8 4 0 1 3 8 4 0 1 3 8 4 0 1 3 8 4 0 1 3 
8 4 0 1 3 8 4 0 1 3 8 4 0 1 3 8 4 0 1 3 8 4 0 1 3 8 4 0 1 3 8 4 0 1 3 8 4 0 1 3 8 4 0 1 3 
8 4 0 1 3 8 4 0 1 3 8 4 0 1 3 8 4 0 1 3 8 4 0 1 3 8 4 0 1 3 8 4 0 1 3 8 4 0 1 3 8 4 0 1 3 
8 4 0 1 3 8 4 0 1 3 8 4 0 1 3 8 4 0 1 3 8 4 0 1 3 8 4 0 1 3 8 4 0 1 3 8 4 0 1 3 8 4 0 1 3 
8 4 0 1 3 8 4 0 1 3 8 4 0 1 3 8 4 0 1 3 8 4 0 1 3 8 4 0 1 3 8 4 0 1 3 8 4 0 1 3 8 4 0 1 3 
8 4 0 1 3 8 4 0 1 3 8 4 0 1 3 8 4 0 1 3 8 4 0 1 3 8 4 0 1 3 8 4 0 1 3 8 4 0 1 3 8 4 0 1 3 
8 4 0 1 3 8 4 0 1 3 8 4 0 1 3 8 4 0 1 3 8 4 0 1 3 8 4 0 1 3 8 4 0 1 3 8 4 0 1 3 8 4 0 1 3 
8 4 0 1 3 8 4 0 1 3 8 4 0 1 3 8 4 0 1 3 8 4 0 1 3 8 4 0 1 3 8 4 0 1 3 8 4 0 1 3 8 4 0 1 3 
8 4 0 1 3 8 4 0 1 3 8 4 0 1 3 8 4 0 1 3 8 4 0 1 3 8 4 0 1 3 8 4 0 1 3 8 4 0 1 3 8 4 0 1 3 
8 4 0 1 3 8 4 0 1 3 8 4 0 1 3 8 4 0 1 3 8 4 0 1 3 8 4 0 1 3 8 4 0 1 3 8 4 0 1 3 8 4 0 1 3 
8 4 0 1 3 8 4 0 1 3 8 4 0 1 3 8 4 0 1 3 8 4 0 1 3 8 4 0 1 3 8 4 0 1 3 8 4 0 1 3 8 4 0 1 3 
8 4 0 1 3 8 4 0 1 3 8 4 0 1 3 8 4 0 1 3 8 4 0 1 3 8 4 0 1 3 8 4 0 1 3 8 4 0 1 3 8 4 0 1 3 
8 4 0 1 3 8 4 0 1 3 8 4 0 1 3 8 4 0 1 3 8 4 0 1 3 8 4 0 1 3 8 4 0 1 3 8 4 0 1 3 8 4 0 1 3 

8 4 0 1 3 8 4 0 1 3 8 4 0 1 3 8 4 0 1 3 8 4 0 1 3 8 4 0 1 3 8 4 0 1 3 8 4 0 1 3 8 4 0 1 3 
8 4 0 1 3 8 4 0 1 3 8 4 0 1 3 8 4 0 1 3 8 4 0 1 3 8 4 0 1 3 8 4 0 1 3 8 4 0 1 3 8 4 0 1 3 
8 4 0 1 3 8 4 0 1 3 8 4 0 1 3 8 4 0 1 3 8 4 0 1 3 8 4 0 1 3 8 4 0 1 3 8 4 0 1 3 8 4 0 1 3 
8 4 0 1 3 8 4 0 1 3 8 4 0 1 3 8 4 0 1 3 8 4 0 1 3 8 4 0 1 3 8 4 0 1 3 8 4 0 1 3 8 4 0 1 3 
8 4 0 1 3 8 4 0 1 3 8 4 0 1 3 8 4 0 1 3 8 4 0 1 3 8 4 0 1 3 8 4 0 1 3 8 4 0 1 3 8 4 0 1 3 
8 4 0 1 3 8 4 0 1 3 8 4 0 1 3 8 4 0 1 3 8 4 0 1 3 8 4 0 1 3 8 4 0 1 3 8 4 0 1 3 8 4 0 1 3 
8 4 0 1 3 8 4 0 1 3 8 4 0 1 3 8 4 0 1 3 8 4 0 1 3 8 4 0 1 3 8 4 0 1 3 8 4 0 1 3 8 4 0 1 3 
8 4 0 1 3 8 4 0 1 3 8 4 0 1 3 8 4 0 1 3 8 4 0 1 3 8 4 0 1 3 8 4 0 1 3 8 4 0 1 3 8 4 0 1 3 
8 4 0 1 3 8 4 0 1 3 8 4 0 1 3 8 4 0 1 3 8 4 0 1 3 8 4 0 1 3 8 4 0 1 3 8 4 0 1 3 8 4 0 1 3 
8 4 0 1 3 8 4 0 1 3 8 4 0 1 3 8 4 0 1 3 8 4 0 1 3 8 4 0 1 3 8 4 0 1 3 8 4 0 1 3 8 4 0 1 3 
8 4 0 1 3 8 4 0 1 3 8 4 0 1 3 8 4 0 1 3 8 4 0 1 3 8 4 0 1 3 8 4 0 1 3 8 4 0 1 3 8 4 0 1 3 
8 4 0 1 3 8 4 0 1 3 8 4 0 1 3 8 4 0 1 3 8 4 0 1 3 8 4 0 1 3 8 4 0 1 3 8 4 0 1 3 8 4 0 1 3 
8 4 0 1 3 8 4 0 1 3 8 4 0 1 3 8 4 0 1 3 8 4 0 1 3 8 4 0 1 3 8 4 0 1 3 8 4 0 1 3 8 4 0 1 3 
8 4 0 1 3 8 4 0 1 3 8 4 0 1 3 8 4 0 1 3 8 4 0 1 3 8 4 0 1 3 8 4 0 1 3 8 4 0 1 3 8 4 0 1 3 
8 4 0 1 3 8 4 0 1 3 8 4 0 1 3 8 4 0 1 3 8 4 0 1 3 8 4 0 1 3 8 4 0 1 3 8 4 0 1 3 8 4 0 1 3 
8 4 0 1 3 8 4 0 1 3 8 4 0 1 3 8 4 0 1 3 8 4 0 1 3 8 4 0 1 3 8 4 0 1 3 8 4 0 1 3 8 4 0 1 3 
8 4 0 1 3 8 4 0 1 3 8 4 0 1 3 8 4 0 1 3 8 4 0 1 3 8 4 0 1 3 8 4 0 1 3 8 4 0 1 3 8 4 0 1 3 
8 4 0 1 3 8 4 0 1 3 8 4 0 1 3 8 4 0 1 3 8 4 0 1 3 8 4 0 1 3 8 4 0 1 3 8 4 0 1 3 8 4 0 1 3 
8 4 0 1 3 8 4 0 1 3 8 4 0 1 3 8 4 0 1 3 8 4 0 1 3 8 4 0 1 3 8 4 0 1 3 8 4 0 1 3 8 4 0 1 3 
8 4 0 1 3 8 4 0 1 3 8 4 0 1 3 8 4 0 1 3 8 4 0 1 3 8 4 0 1 3 8 4 0 1 3 8 4 0 1 3 8 4 0 1 3 
8 4 0 1 3 8 4 0 1 3 8 4 0 1 3 8 4 0 1 3 8 4 0 1 3 8 4 0 1 3 8 4 0 1 3 8 4 0 1 3 8 4 0 1 3 
8 4 0 1 3 8 4 0 1 3 8 4 0 1 3 8 4 0 1 3 8 4 0 1 3 8 4 0 1 3 8 4 0 1 3 8 4 0 1 3 8 4 0 1 3 
8 4 0 1 3 8 4 0 1 3 8 4 0 1 3 8 4 0 1 3 8 4 0 1 3 8 4 0 1 3 8 4 0 1 3 8 4 0 1 3 8 4 0 1 3 
8 4 0 1 3 8 4 0 1 3 8 4 0 1 3 8 4 0 1 3 8 4 0 1 3 8 4 0 1 3 8 4 0 1 3 8 4 0 1 3 8 4 0 1 3 
8 4 0 1 3 8 4 0 1 3 8 4 0 1 3 8 4 0 1 3 8 4 0 1 3 8 4 0 1 3 8 4 0 1 3 8 4 0 1 3 8 4 0 1 3 
8 4 0 1 3 8 4 0 1 3 8 4 0 1 3 8 4 0 1 3 8 4 0 1 3 8 4 0 1 3 8 4 0 1 3 8 4 0 1 3 8 4 0 1 3 
8 4 0 1 3 8 4 0 1 3 8 4 0 1 3 8 4 0 1 3 8 4 0 1 3 8 4 0 1 3 8 4 0 1 3 8 4 0 1 3 8 4 0 1 3 
8 4 0 1 3 8 4 0 1 3 8 4 0 1 3 8 4 0 1 3 8 4 0 1 3 8 4 0 1 3 8 4 0 1 3 8 4 0 1 3 8 4 0 1 3 
8 4 0 1 3 8 4 0 1 3 8 4 0 1 3 8 4 0 1 3 8 4 0 1 3 8 4 0 1 3 8 4 0 1 3 8 4 0 1 3 8 4 0 1 3 
8 4 0 1 3 8 4 0 1 3 8 4 0 1 3 8 4 0 1 3 8 4 0 1 3 8 4 0 1 3 8 4 0 1 3 8 4 0 1 3 8 4 0 1 3 
8 4 0 1 3 8 4 0 1 3 8 4 0 1 3 8 4 0 1 3 8 4 0 1 3 8 4 0 1 3 8 4 0 1 3 8 4 0 1 3 8 4 0 1 3 
8 4 0 1 3 8 4 0 1 3 8 4 0 1 3 8 4 0 1 3 8 4 0 1 3 8 4 0 1 3 8 4 0 1 3 8 4 0 1 3 8 4 0 1 3 
8 4 0 1 3 8 4 0 1 3 8 4 0 1 3 8 4 0 1 3 8 4 0 1 3 8 4 0 1 3 8 4 0 1 3 8 4 0 1 3 8 4 0 1 3 
8 4 0 1 3 8 4 0 1 3 8 4 0 1 3 8 4 0 1 3 8 4 0 1 3 8 4 0 1 3 8 4 0 1 3 8 4 0 1 3 8 4 0 1 3 
8 4 0 1 3 8 4 0 1 3 8 4 0 1 3 8 4 0 1 3 8 4 0 1 3 8 4 0 1 3 8 4 0 1 3 8 4 0 1 3 8 4 0 1 3 
8 4 0 1 3 8 4 0 1 3 8 4 0 1 3 8 4 0 1 3 8 4 0 1 3 8 4 0 1 3 8 4 0 1 3 8 4 0 1 3 8 4 0 1 3 
8 4 0 1 3 8 4 0 1 3 8 4 0 1 3 8 4 0 1 3 8 4 0 1 3 8 4 0 1 3 8 4 0 1 3 8 4 0 1 3 8 4 0 1 3 
8 4 0 1 3 8 4 0 1 3 8 4 0 1 3 8 4 0 1 3 8 4 0 1 3 8 4 0 1 3 8 4 0 1 3 8 4 0 1 3 8 4 0 1 3 
8 4 0 1 3 8 4 0 1 3 8 4 0 1 3 8 4 0 1 3 8 4 0 1 3 8 4 0 1 3 8 4 0 1 3 8 4 0 1 3 8 4 0 1 3 
8 4 0 1 3 8 4 0 1 3 8 4 0 1 3 8 4 0 1 3 8 4 0 1 3 8 4 0 1 3 8 4 0 1 3 8 4 0 1 3 8 4 0 1 3 
8 4 0 1 3 8 4 0 1 3 8 4 0 1 3 8 4 0 1 3 8 4 0 1 3 8 4 0 1 3 8 4 0 1 3 8 4 0 1 3 8 4 0 1 3 
8 4 0 1 3 8 4 0 1 3 8 4 0 1 3 8 4 0 1 3 8 4 0 1 3 8 4 0 1 3 8 4 0 1 3 8 4 0 1 3 8 4 0 1 3 
8 4 0 1 3 8 4 0 1 3 8 4 0 1 3 8 4 0 1 3 8 4 0 1 3 8 4 0 1 3 8 4 0 1 3 8 4 0 1 3 8 4 0 1 3 
8 4 0 1 3 8 4 0 1 3 8 4 0 1 3 8 4 0 1 3 8 4 0 1 3 8 4 0 1 3 8 4 0 1 3 8 4 0 1 3 8 4 0 1 3 
8 4 0 1 3 8 4 0 1 3 8 4 0 1 3 8 4 0 1 3 8 4 0 1 3 8 4 0 1 3 8 4 0 1 3 8 4 0 1 3 8 4 0 1 3 
